108367008
3384011000036100
166717003
3877011000036101
402234004
404640003
271681002
76948002
36031001
42399005
288227007
419723007
248490000
22253000
162076009
247592009
62507009
25064002
48694002
386807006
271807003
69813011000036107
57676002
308925008
386692008
9126005
55300003
48167000
84229001
247640008
399114005
21288011000036105
21930011000036101
426206001
444827008
68962001
279039007
301345002
230145002
931804011000036107
271594007
18963009
3424008
58901008
30989003
81680005
49218002
26544005
4031011000036106
10601006
271137009
39575007
77435011000036104
62315008
13791008
60119000
401269004
30473006
3003011000036100
240131006
35489007
162031009
55929007
2929011000036108
29857009
128139000
418290006
22298006
247441003
289530006
26329005
267064002
429513001
282145008
61387006
386661006
367391008
82991003
40806005
15611000168108
309774006
422400008
161891005
8708008
250082003
224960004
429783005
248255005
238810007
25701000168107
14760008
44077006
49727002
69791001
271782001
124055002
4171011000036100
54981004
102551008
88092000
6285003
278528006
77424011000036100
267031002
60862001
83547004
299954009
5662003
3723001
428061005
309537005
49049000
8357008
62476001
302226006
21522001
44054006
445445006
76742009
274279008
53057004
82971005
449917004
13644009
288226003
202490009
301676004
56265001
161874006
102556003
26889001
224962007
162290004
4216011000036104
162059005
3298011000036103
166830008
53523011000036100
3904011000036106
80313002
422587007
8943002
10743008
271587009
274676007
7006003
45326000
250069006
279038004
23924001
47933007
67849003
278040002
262966007
70076002
225482007
95891005
301202006
87715008
69896004
286641001
3589011000036101
399153001
426899007
57182000
21911011000036104
297142003
284151004
24693007
228158008
40917007
48532005
267953003
289195008
70153002
7011001
249913002
51197009
37787011000036104
314983004
28551000168108
24184005
250084002
31911000168108
248277009
21433011000036107
225624000
129565002
3736011000036100
24199005
202480001
267044007
48500005
282180007
56317004
80449002
69867011000036102
193462001
65124004
102480002
9991008
84480002
397540003
24700007
3848011000036104
89362005
1402001
16386004
285365001
55533009
282926000
267052005
299377003
73211009
248262001
21242011000036102
247323005
3559011000036109
307074005
288230000
42984000
77692006
60032008
162351000
84017003
225508006
277521002
699368004
26079004
372283008
298170003
237130006
63102001
90708001
36971009
32914008
246636008
83421005
699262001
34436003
34840004
26677001
288885009
80690008
102564009
64226004
425423002
47004009
271832001
271584002
609600000
285395009
21134002
84445001
81498004
162116003
44186003
387603000
78514002
3080011000036109
162352007
80182007
41652007
287047008
36349006
77442011000036106
22095011000036109
397825006
285849008
698247007
161882006
40095003
86651002
267032009
93478000
397803000
36955009
249914008
427475007
67362008
247373008
450316000
90673000
2733002
247472004
162397003
415690000
68172002
266599000
214264003
235856003
130989002
68235000
119416008
429040005
247994001
282299006
21545007
72405004
16046003
300954003
79012001
249915009
2764000
87486003
267036007
12584003
8510008
8392000
86094006
262286000
609599003
386805003
284262007
361137007
230690007
76376003
162221009
225013001
414469009
55145008
248491001
310497006
54020011000036108
15188001
289669005
21565011000036108
288231001
3191011000036109
307731004
396275006
248274002
238131007
73595000
32398004
102943000
131148009
271767006
698065002
4969004
77422011000036109
21417011000036105
32643011000036106
43116000
418363000
424647005
609410002
75694006
77436011000036106
15203004
35678005
44695005
38341003
300381009
386705008
274663001
271801002
444899003
271870002
102598000
56731001
225549006
418092006
162043005
3530011000036104
70733008
37796009
124054003
85418005
40196000
370143000
419511003
69215007
46991000
165247006
398032003
3210011000036104
40733004
423849004
90446007
45534005
90560007
301026000
225609009
202852009
59927004
249902000
386033004
225014007
249931001
118932009
43364001
53215011000036102
3572011000036102
161156004
266257000
200936003
235594008
79890006
84946008
300043006
33308003
16269008
82272006
103281005
304534000
74323005
27355003
76000011000036107
431416001
80954004
271737000
443798008
297217002
309557009
35918011000036106
6211002
45352006
249966004
61599003
78584011000036106
230736007
432352001
128239009
165232002
282195009
289903006
167232003
193093009
300306001
52613005
46206005
271713000
46635009
429340002
699302001
444312002
283902008
34839011000036106
21676011000036101
6205011000036102
248236005
267949000
197321007
57406009
165509000
161833006
277223000
81680008
52448006
56608008
258155009
50219008
193000002
22325002
160685001
282937004
82639001
18193002
280816001
284149003
274141009
39400004
128601007
53458011000036102
449918009
4344011000036106
248653008
39104002
278999000
202484005
288939007
18101008
105981003
43724002
64379006
301679006
239720000
166848004
230645003
246676003
247408001
193570009
16331000
77461011000036109
297144002
309536001
363499005
21885011000036105
77547008
95418008
363346000
60238002
86044005
21540011000036109
398151007
386806002
71262003
267950000
267039000
283121001
47401000168109
102565005
225601007
429360005
299037003
29542008
49601007
129103003
61372001
14304000
116289008
367466007
249918006
91019004
202882003
4249000
248966006
21005005
11072008
249903005
248096004
84114007
4138011000036106
399044006
288228002
21395011000036107
373931001
247806005
53430007
6206011000036109
21821011000036104
298753001
161873000
39621005
315642008
21589011000036108
83901003
249940002
6389006
209777000
249489001
236423003
95847005
300650009
235999009
250991000119100
249938007
125667009
254935002
29164008
61777011000036104
32798002
40930008
213257006
247347003
47268002
82423001
18876004
315224006
21839011000036103
248132003
473011001
267079009
267045008
300439004
371632003
16973004
225610004
4422011000036109
284140004
53741008
166643006
923927011000036105
266601003
64766004
274646000
282475008
3563011000036102
233604007
276444007
129859006
309086004
230490003
68566005
279093005
247753000
195967001
21499005
423052008
46040000
102897001
21238011000036103
415749005
281245003
302188001
13543005
102572006
249985001
298751004
102911000
14151009
398979000
103002009
371081002
271596009
26237000
21496011000036106
424582000
310495003
309521004
387801000
444702007
8009008
21322011000036108
399122003
41982003
42345000
6471006
419145002
3934011000036103
271835004
95320005
299060006
237602007
249912007
416675009
101000119102
34095006
262558009
309257005
249917001
95453001
4740000
59050008
409589004
275319005
59026006
166892002
9829001
439953004
274667000
12441001
419076005
6142004
284143002
236620008
202472008
124042003
95655001
7393007
21624011000036105
271787007
309087008
284146005
64206003
18165001
286381004
271951008
286651000
3545003
68449006
405729008
247355005
17971005
18718003
3702011000036109
4308002
7973008
271771009
60728008
128605003
26929004
428281000
2297011000036108
44548000
203095000
73589001
248648003
13164000
11654001
95359001
39651011000036100
3253007
82883008
55350005
240014001
161898004
21779011000036103
419581008
81308009
103298005
21719011000036107
247761005
23520002
23919004
371405004
14351000168102
299322007
78860006
21252011000036100
248422003
177241000036105
83156004
248234008
3066011000036105
45979003
425772008
301657001
278286009
309539008
74732009
55891002
6496011000036105
309538000
449614009
249472009
277890004
440630006
415692008
307077003
309838005
35209006
202855006
420038007
443892003
102938007
399269003
64531003
284136008
239725005
166584001
51590001
21659011000036107
6020002
397541004
283050005
373932008
131078003
420103007
161903000
75088002
299110002
301717006
279084009
43005009
361122008
37714011000036108
314109004
699376002
38181000168109
246975001
16001004
40144003
111224002
161876008
191736004
308921004
102498003
50415004
309249007
361138002
21814011000036109
38013005
22193007
271795006
45291000168107
95421005
43498006
428724006
12063002
48926009
289621007
56273005
75183008
21486011000036105
36630001
38936003
285397001
284252000
15336001
246682000
26171000168109
310501001
21304011000036105
249898006
228148009
52702003
443120002
21747011000036106
417237009
445178008
249366005
162020001
55260003
21286011000036106
247464001
21605011000036100
288225004
56925008
134407002
2531000168109
102491009
95570007
240015000
85898001
193031009
21465011000036101
37567005
267073005
70323002
271873000
288332005
286755001
249477003
52754008
202482009
39423001
281794004
21296011000036107
418648005
26413003
426965005
21606011000036107
31384009
21520011000036107
299933002
67233009
127354003
275921007
55222007
421262002
50829006
289001005
448589005
4230011000036107
298941006
286387000
102617004
30811009
10001005
424372002
110288007
23388006
32402008
288335007
285305004
186748004
424196004
21343011000036103
238539001
1806006
95673003
300956001
118940003
248256006
7501002
281016006
239873007
424131007
192085004
161722004
69322001
83225011000036106
28743005
63901009
105504002
307413004
363406005
271585001
82470000
3475011000036104
309256001
64779008
22631008
279043006
32972011000036104
122481008
35064005
3659011000036102
162308004
95319004
95677002
79395009
23056005
37340000
225473001
274665008
271599002
21290011000036100
236071009
21662011000036107
282966001
443694000
314642004
398114001
37703011000036109
286369003
48661000
183202003
301660008
67251005
248268002
13746004
225005002
426120002
59781000168101
41931001
307496006
449618007
298241001
267038008
54150009
239965002
77981007
24982008
444003007
287045000
225581002
279069000
3716002
21317011000036101
162315007
272022009
32970011000036103
249544004
80585000
21809011000036108
44564008
23502006
332982000
70270011000036104
4106009
66383009
247412007
248223005
90128006
308909003
80515008
54586004
69821011000036104
73442001
299042006
236632007
85828009
44169009
11381005
248581005
125610000
4156011000036108
2940011000036100
21290011000036109
102608004
202617003
267728009
52526003
19155002
166702002
18156008
253522006
118930001
282198006
56018004
67015007
31681005
3527011000036101
131053002
399068003
298203008
21678011000036102
248493003
160591008
80967001
70346000
3481000168101
14669001
300895004
251377007
44018007
31645011000036106
59976005
276294005
202609006
267078001
304297005
40445007
429661002
284977008
34789001
363058009
225460000
2922011000036103
89419008
36163009
271834000
571000119103
82297005
39701011000036102
249916005
194828000
283416005
111516008
445197008
298240000
17369002
279063004
300955002
128609009
420990001
52072009
274135002
49563000
161968007
90834002
13481000168104
75408008
398152000
10085004
287046004
473008002
166603001
61462000
282872002
40739000
25458004
249990003
248657009
279028009
366979004
300888008
39592011000036106
77426011000036108
267076002
298870001
79015004
129899009
