367391008
271782001
49218002
55300003
3384011000036100
84229001
213257006
404640003
34436003
21522001
162076009
76948002
57676002
26079004
51197009
422400008
161891005
431416001
162059005
248255005
69896004
62315008
21779011000036103
386692008
698065002
38341003
3080011000036109
21545007
386705008
271832001
426206001
37796009
418290006
62507009
30989003
246636008
74323005
29542008
95891005
45352006
9991008
131148009
271681002
422587007
86651002
193462001
22298006
267052005
82991003
24184005
67849003
22253000
21885011000036105
202882003
419723007
45326000
44077006
90673000
81680005
68962001
247640008
88092000
248274002
77424011000036100
13791008
129565002
56265001
228158008
26544005
8357008
60862001
18963009
224960004
271587009
277521002
29857009
301345002
3877011000036101
300954003
271807003
3848011000036104
24199005
161873000
2733002
309086004
302226006
77692006
309538000
63102001
10601006
249913002
282145008
54981004
166830008
166643006
70733008
262286000
248277009
301676004
60119000
449917004
230690007
309774006
35489007
40917007
429783005
285365001
247592009
279039007
250069006
32914008
278040002
25064002
8510008
309537005
23924001
386806002
102480002
53057004
102556003
166717003
34840004
3723001
3424008
60032008
288226003
77435011000036104
247373008
386807006
225609009
267032009
235856003
286641001
166892002
249966004
49049000
16973004
230145002
425423002
399153001
80449002
8943002
16386004
78514002
288231001
102551008
298753001
279038004
288228002
288230000
162352007
250084002
267044007
250082003
79890006
47933007
267953003
60238002
203095000
449918009
44054006
165247006
387603000
418363000
36031001
26329005
288939007
248096004
80313002
267949000
238810007
309521004
309539008
426899007
278528006
247323005
55929007
55533009
21242011000036102
386033004
405729008
