10013663
10020751
10022524
10048010
10012218
10028813
10022998
10041349
10027175
10024264
10061428
10033557
10002855
10016256
10012378
10029412
10013709
10021654
10061598
10011401
10057667
10028735
10033371
10020642
10020765
10043248
10019211
10022437
10016322
10033799
10044565
10021972
10028391
10002368
10000125
10039626
10025482
10001480
10024419
10013968
10048232
10003736
10003246
10029898
10027374
10054196
10012422
10037844
10017600
10014551
10014326
10053204
10019009
10061461
10033645
10005780
10002652
10033425
10047513
10015137
10048948
10001496
10003239
10028245
10023163
10040984
10016330
10047700
10008399
10061920
10020466
10020651
10008479
10016326
10005750
10047899
10058920
10003402
10013781
10052804
10060800
10055798
10043431
10028347
10028836
10005734
10037660
10042945
10064805
10017853
10012374
10019133
10013573
10021097
10005159
10052897
10039424
10028330
10004716
10013916
10042458
10007737
10003988
10067484
10070863
10050584
10042033
10012174
10000087
10053615
10016717
10013911
10010774
10025082
10031085
10012239
10001949
10030124
10003549
10002942
10057668
10038743
10022004
10046571
10043521
10047340
10012735
10011906
10039906
10033664
10016807
10047895
10043087
10006784
10049816
10043255
10016275
10033775
10001760
10037686
10041002
10037153
10048294
10009866
10007515
10024796
10000059
10029216
10041052
10043945
10017944
10006326
10044044
10011469
10037087
10001598
10056465
10026749
10027951
10019063
10030095
10029148
10004939
10006242
10068318
10034719
10070488
10005555
10043242
10013082
10020937
10029897
10019303
10013457
10016279
10000060
10015535
10011224
10016759
10029202
10043220
10028334
10028372
10061422
10062519
10020772
10043882
10009696
10043458
10027599
10040030
10012397
10010305
10012601
10010071
10052904
10034972
10039897
10058672
10058467
10037211
10048959
10004940
10013496
10034018
10038683
10015150
10044034
10036653
10029223
10036661
10024870
10013887
10051265
10036155
10054938
10007880
10016338
10066371
10013946
10021789
10037999
10052087
10066218
10013754
10028740
10001540
10050012
10008531
10046543
10061664
10029719
10042209
10016825
10039740
10049460
10016334
10013710
10000496
10013050
10061814
10042264
10017577
10061218
10029883
10057371
10043528
10021030
10024968
10028521
10006514
10028411
10067125
10043071
10003591
10013642
10009657
10047531
10041010
10073508
10027940
10015090
10011762
10050014
10003119
10028596
10043757
10036018
10019075
10061087
10009192
10013774
10038428
10015037
10010264
10024855
10018304
10019070
10033546
10036596
10046735
10038001
10041347
10041247
10040753
10006002
10013033
10002199
10036316
10049119
10022955
10013678
10035664
10017533
10062016
10005169
10040914
10052136
10023232
10019468
10053155
10022093
10017367
10022095
10022078
10061822
10022067
10000081
10045285
10070835
10058097
10059837
10042674
10001488
10017888
10022699
10013786
10033109
10015958
10000269
10022086
10022000
10017999
10004661
10021688
10065553
10052840
10015943
10018267
10020993
10054106
10025197
10028641
10061590
10072005
10024670
10021328
10018797
10005619
10043942
10061284
10022081
10039101
10005956
10029547
10047115
10019974
10060961
10008469
10014184
10021425
10029331
10048886
10065048
10050819
10015108
10048706
10016173
10023230
10037867
10028289
10017918
10041232
10049848
10022056
10033474
10018830
10022071
10034263
10040744
10030216
10048779
10038776
10013036
10014928
10018276
10027590
10034829
10066241
10021113
10071275
10019079
10033670
10008398
10040477
10001497
10042604
10042772
10052251
10054964
10042682
10002820
10020400
10012110
10043268
10047924
10005557
10029410
10005885
10003778
10021118
10057372
10047482
10041045
10040108
10029404
10034567
10024421
10061762
10013395
10016352
10037249
10013789
10013753
10043833
10061129
10016766
10057342
10041953
10013538
10061215
10030973
10038669
10021333
10063927
10034839
10027566
10021417
10055082
10037884
10048908
10003553
10043607
10014020
10038490
10038435
10024552
10005746
10056264
10022490
10042444
10045178
10042464
10001639
10010947
10013990
10018386
10002511
10020853
10065687
10013578
10052066
10001584
10049713
10033771
10018687
10040742
10040829
10017885
10052805
10031009
10049118
10006451
10061024
10027295
10022094
10047571
10003658
10052793
10033864
10048768
10015926
10042496
10016344
10044055
10000497
10051602
10052137
10014698
10046306
10038460
10017062
10034568
10028024
10027199
10002034
10015946
10041466
10068319
10040872
10023874
10047461
10044027
10050637
10052437
10052143
10039792
10017076
10030180
10023379
10034721
10020610
10048533
10043495
10013983
10040831
10015916
